20.00 100.00 100.00 100.00 100.00 100.00 100.00 100.00 100.00 100.00 100.00 100.00 100.00 20.00
20.00 59.35 74.50 81.24 84.57 86.26 86.98 86.98 86.26 84.57 81.24 74.50 59.35 20.00
20.00 42.89 57.39 65.90 70.80 73.49 74.68 74.68 73.49 70.80 65.90 57.39 42.89 20.00
20.00 34.84 46.29 54.16 59.23 62.20 63.58 63.58 62.20 59.23 54.16 46.29 34.84 20.00
20.00 30.17 38.76 45.25 49.74 52.52 53.85 53.85 52.52 49.74 45.25 38.76 30.17 20.00
20.00 27.07 33.32 38.32 41.96 44.30 45.45 45.45 44.30 41.96 38.32 33.32 27.07 20.00
20.00 24.79 29.15 32.76 35.48 37.29 38.18 38.18 37.29 35.48 32.76 29.15 24.79 20.00
20.00 22.96 25.71 28.07 29.92 31.18 31.82 31.82 31.18 29.92 28.07 25.71 22.96 20.00
20.00 21.34 22.67 23.90 24.94 25.70 26.09 26.09 25.70 24.94 23.90 22.67 21.34 20.00
20.00 19.73 19.71 19.93 20.26 20.57 20.75 20.75 20.57 20.26 19.93 19.71 19.73 20.00
20.00 17.88 16.51 15.84 15.60 15.57 15.60 15.60 15.57 15.60 15.84 16.51 17.88 20.00
20.00 15.28 12.61 11.31 10.74 10.53 10.46 10.46 10.53 10.74 11.31 12.61 15.28 20.00
20.00 10.65 7.32 6.04 5.53 5.33 5.26 5.26 5.33 5.53 6.04 7.32 10.65 20.00
20.00 0.00 0.00 0.00 0.00 0.00 0.00 0.00 0.00 0.00 0.00 0.00 0.00 20.00
